0,  0,  0,  0,  0,  0,  0,  0,  0,  0
0,  1,  2,  3,  4,  5,  6,  7,  8,  09
0,  2,  4,  6,  08, 10, 12, 14, 16, 18
0,  3,  6,  09, 12, 15, 18, 21, 24, 27
0,  4,  08, 12, 16, 20, 24, 28, 32, 36
0,  05, 10, 15, 20, 25, 30, 35, 40, 45
0,  06, 12, 18, 24, 30, 36, 42, 48, 54
0,  07, 14, 21, 28, 35, 42, 49, 56, 63
0,  08, 16, 24, 32, 40, 48, 56, 64, 72
0,  09, 18, 27, 36, 45, 54, 63, 72, 81
